CHISQ
-3.940696506195494
5.837437232487734
5.279657940722968
-10.584675968544197
9.042998293377947
12.060535894231228
-2.788534242177753
-9.85874659197993
1.1371612363769745
0.6580588847116959
-9.21773580965841
2.2150094969468452
-6.937410098588602
5.761189195578697
1.1244876314009224
4.8957464669835735
-11.136574686552777
9.026277476597352
-3.1433876200292703
7.908397385980544
5.526815060993232
-14.434179269162241
7.913481276546872
16.703341857850422
6.929227931567611
-3.9418414009036224
-0.46685313115732363
2.3224983019228556
-2.4450407190839125
-14.973752361206042
-9.988165618333666
-0.08039369041884936
2.5166853949430905
-4.939470387669006
-3.7759195950605315
-0.831834355961337
4.3071693703177365
1.559964647548515
4.190483995532626
-2.9171836882037123
1.282598338792957
7.399715395973434
5.573868886023873
-5.625056323537318
3.914787236324024
-3.2806339187075086
-7.470101603800286
-0.4646719431714247
-17.308060914269635
0.2062950845067939
0.6461302581890469
-2.554513598717668
-0.6233825264315336
0.8361325156834436
6.5360671649401585
16.15938101710695
-8.894097163382495
0.6917394529476034
-7.878173419308177
-2.250882617446564
3.588606690500827
-4.938279498333986
-13.786095386537182
2.171905785011905
-13.343114933639574
5.234755089004032
-4.539802512300149
9.785064090389774
9.045599333572888
-0.6939204583346745
-7.835254811717262
-6.860175239656886
10.152529866940288
-9.247007664876515
13.25707003280472
3.424838091353536
5.889333413726601
1.9247578235539176
-9.413636557905368
7.1579280132278695
-1.2976434256457265
5.139083773011507
-9.08603275066596
-1.8079600702227085
1.0233485517901664
-13.337974111437754
-4.325871921050997
-19.481752498285395
5.43992002126015
-11.221077688711905
-10.64055718990225
4.354495497658826
1.8213339708826948
2.873017830981128
4.177448895202522
-1.6924217671653672
-8.535092485037886
-9.135972288728361
-7.517630693850418
8.619807606824319
0.028191380984990355
4.4726290784611455
10.460016065207256
-12.134048876275788
4.52285478226179
-8.30163547939404
-7.338425713503279
3.218493269717483
-3.3956550037536184
-7.963821884276189
6.406441449793381
14.980025165100413
-5.988844736133779
-5.877512595636612
0.8219363593657184
6.184995072308916
7.507550975370115
-12.142112476811004
1.5822671186791124
-18.33769948424957
-18.965692724775977
5.148024172782746
2.0723340401485983
-9.13513352279024
9.231480337094093
-9.011058194104791
3.2274484422259024
4.740196012082768
-6.367010574338124
3.1772192986349452
-6.822286541033716
6.881281454980947
3.018706783214365
-7.945924774861969
9.91347753374083
-11.253587610154613
12.354892283059657
15.748759064229601
0.8644737591771465
9.747440058101267
-0.07517815040906572
-4.202277781159649
3.1184527475858297
-10.810926457399464
-3.97539448867216
-3.403624226972801
11.518056003933637
3.6016390046544684
7.155081080158409
0.7763150512223282
8.435617518271417
-4.138311926235257
-2.9270270127705245
3.3912613307343986
1.6738663105200575
1.4929112430391076
-0.39146922678951435
-7.039659402852403
5.958938658273619
17.838509673351645
3.0025938592123627
6.0037673864974375
-1.9855928217707268
6.490140397822086
2.111393117623969
3.123592628649745
-7.809773927745724
13.72810512964696
13.330186959773268
-9.868810672709472
-2.1934358729035432
7.937198179364136
5.575527382586767
-9.334093055404537
2.4397194679457703
-2.728194208763366
-4.848136796916687
-9.306813821352343
7.413999872355657
1.3573765015563206
1.0344646484260327
2.888767147017288
8.606377974921042
-6.919431128573911
-2.974502298444467
0.5457427533821424
-10.777948249159081
13.681939803216206
-7.042087255582788
3.4022959760455977
-3.6385453702469306
8.700488788719982
-4.048772850686211
-5.731770675707614
0.13768848027416447
2.3884661429954637
15.174420522479139
3.9570409747460458
-13.11714423003098
-2.4729320356710667
5.236979035395915
2.2618563780526775
0.6942112735425905
-4.462130602586832
-8.257536800630684
-5.8328899174890285
-0.3310125768126022
-0.15973969477347427
-3.9473400599047967
-6.562935226265661
4.056124466412182
-0.8836028856953884
-4.5240377530909495
7.690610121267981
8.582690177830251
5.74126487750786
-1.761570104731859
-1.069870983294042
-5.575385195034514
-3.509230124155584
8.872842040119702
4.784458116082662
10.965833373966289
-8.457991021978081
9.560909387982424
2.6281664780779117
6.286811382846161
3.8221715176921967
9.19776037314332
3.4466686517206484
-3.512532786350736
9.01418990869319
9.388585064649876
9.64011451196446
3.8327155131563777
6.568343002316124
6.106689789712801
-0.09030029934482556
-8.289333113864206
10.216856591048375
-2.548997039407411
-1.6753838139815362
10.06908519843292
10.60607070632273
-4.378034941723822
9.730527402377641
0.6075112786717493
-16.8893548157373
-0.007528679618994533
-0.03028157877865767
0.8930404638904977
-4.1352857069473705
-10.401644867360734
-3.1743745801656704
1.7422353063373897
1.0392406229202773
12.277966629287533
0.5081208002389048
-1.7065942059669896
9.975207301016153
-14.553591084008108
-6.623125169954129
-14.685067463855399
0.3972249493154243
4.557488478540827
5.55640212500371
7.657357075781473
11.759241549809364
2.042016917442563
8.408547644812696
3.447383862328966
-12.120769702644292
-14.14986662846432
3.083744032668813
2.1013943484581756
12.839180076584618
-5.862697548455842
6.826600459161017
0.27423350617644526
-13.705706079545546
-2.639716026533859
0.7884669997984234
2.2371798303426313
-5.294843320366426
-6.485631431199348
0.8597277981967792
11.360487678205407
1.9635197631086807
6.364019945491166
6.686915941371221
3.260460258997374
-2.2522586573349748
3.6088832644792923
-1.6067577143783707
2.1441988527881906
11.390534436145002
-3.1882035363842283
-1.5577861879899801
-8.438402203403829
4.544182592361365
-3.300618578473884
-12.388620873594403
-9.074418673740288
-11.866505559892598
4.898417172602339
-7.8207359608482
-5.02519386204808
14.264289604145668
14.147594804791794
-11.310094892327216
-6.294431167214198
-1.814031349072612
-5.122591419349179
-2.167649133810084
6.403630717553781
-2.8189772154465746
1.677936096352724
-13.669415938040684
-2.407710351443944
-8.461484817046927
11.955213957013187
7.940044559384976
3.4494390069689285
-9.038786081094102
-15.520198604161275
10.9647412086807
10.494448672789995
4.2324795974312
-2.3714926825195652
-8.795744838501678
3.1999141730504204
-5.6823629979257575
2.623563727799537
-0.9149256576478644
-14.108624435286366
0.9007187705921741
3.1285180178674095
-3.704391932823815
1.6088045542390792
5.2654091204845725
1.5744252174150275
1.410477754186813
2.3775461787752628
12.997196824027567
0.4952094309540269
3.4708444594141588
-0.44015442397405513
-5.181727895383732
-0.33575425648621104
-15.126335972710246
8.37061959740473
-1.0261089921656832
-15.175923078960457
9.74949559533791
-6.619850072410144
-15.610358384770276
8.242709000804854
4.215135222197643
6.392355778615309
-11.389680751066196
-4.4514350449986795
4.236526430093125
-2.289296281227793
-5.250617823507758
-0.31865340737389913
-2.955667830782688
0.7916308315181788
-6.271554423911732
-2.2324947970284184
9.49384251700148
-2.9675728913873636
10.632006124122501
-2.186442987603848
1.0768449527087922
3.695400024686114
-6.695388705773323
0.6248762254605841
10.811005870128113
3.909366784893989
-3.913468993006453
4.977365280431947
8.683338898021535
0.11562965676120948
-15.849939680437236
6.01603908328106
7.773433116015798
-5.415387527644953
3.622709515862476
2.4693431679764952
1.4070080716108753
-4.1839199012108645
2.8954439458837036
-5.076686036466017
5.090170516838315
-3.088871802438816
4.827183398310786
-6.34357640958399
2.0272850563096814
-6.480736216513607
-1.7271247242013106
0.16776028375744628
-4.740105804686762
8.047808662640527
-0.4701887007677028
-3.4203847676683816
-11.03512838874326
-2.6803105701990644
8.478081887340819
-3.085771162594005
4.677239613163449
3.2951167229236815
-1.3867199967135804
-3.840925695048269
-2.1380671405439124
-7.7902392503324505
-0.8942576691979582
-6.381031381264265
2.8766583916701034
7.8079487579181315
10.642319635219769
5.138112789670539
-4.1368505838495455
7.2309561844210455
-2.4042583345543793
13.434401574673698
-2.268142735306193
-5.796030401452158
4.3988866758047624
-5.42089423344842
2.7663892435466284
4.472242405347177
-2.5190347647055114
15.501435748041567
12.745344902508723
0.8511764721067699
6.690108650151415
8.244630561555434
10.542192880316884
14.419422631428292
-2.2003241788325636
-13.396803431011703
6.832220150720764
8.968179518996214
2.7597460962901303
-3.2438804675342747
8.176944296054089
-2.179813910003017
8.96482107410508
-8.921954102625406
-8.587129126460168
-2.7898890393739166
-8.184356974384063
-1.0229247608929608
15.444128342415043
4.449379450025459
-2.790418109745479
13.101668481737851
2.998878661686473
-9.487125983543898
-7.334293452266214
15.08390277686216
-0.3399789167621844
11.56014300649862
12.046764032741986
2.3810694834143282
2.4650602802240993
-4.979304581664187
-4.175841233495949
4.080293919079615
-4.844468744772901
-7.405801194967412
-10.026164191360618
4.079845456208794
-6.284131637453445
-5.2274683782413245
-11.77877421202469
3.735763380783676
-8.168627013813026
7.321243875113754
1.4305857493200376
-3.0598180381790865
2.297839633224222
-0.8630038721775263
-8.291057218848389
-6.359944484385996
-11.064069099596587
-2.684802739456313
11.34676940242468
-9.546132722677985
-1.2024161140765535
-0.3579474716060954
-8.961414345259781
-17.83281740752041
-8.10985891052687
13.24365479166568
5.636222190465501
-3.307871556023734
5.238637427468468
-4.491700837975844
-10.929119085164313
-3.3862153286338823
10.110648082913677
13.412978829231076
2.768621747259297
-0.6884186292171222
3.115358062295222
9.112143669448454
-3.095979585795003
-10.291368896260842
-7.346325184779912
6.3619770884742675
10.465427240961958
18.8204311958468
14.541453837602646
3.9199368014646083
10.292724190806013
-2.404063934696408
3.091624715197668
-7.858953454117351
-2.6951004053083167
2.92890691922213
-9.52003154772982
0.5388225856463044
-8.492242467932016
-0.720794456240367
-2.839675135357099
12.635798742727204
5.828856435925791
-5.69409539695216
-7.786635283986279
-1.665572190067855
11.117943756380786
3.804370600026309
-3.463305414398779
-4.033309925582788
-10.860473761407775
-1.8277981751640817
4.1741839763479565
12.842033247037655
-0.06189996020965288
2.391675404398125
4.870854805123129
-0.17681874252087537
0.8504417247829569
10.782571685804728
1.787647044567978
-13.979562642498045
-0.6813122984616709
-1.5062975486749437
0.7123446346815381
0.7580129691729532
5.207714679167987
9.503686242153874
4.906001667836048
12.037693341580695
4.980015556179544
-7.014022671572668
-4.061501409448713
7.188545619978765
-1.2431658496053093
3.8354240699857964
6.113253840911864
6.620068682502089
0.15850287701397958
8.93145282588328
11.562863711442978
-9.295600344000515
-8.399903143738259
11.15288837108707
0.4431831269590936
14.260940071407067
6.898361094687944
-1.6743458058478424
8.375170051019403
-2.911550705479637
13.005388356664854
9.156982663764444
6.064421090689022
0.7366717536167355
-5.3009010274616255
2.9880488232343922
1.432866134575922
-0.06932366555665403
-15.252613310480026
2.101637031950968
13.097826876665657
10.80605655205341
3.586817046153609
9.0945483689236
-0.4986870255465745
3.5532847837650303
-2.727393892899958
1.9346617658986212
16.062676284700668
-9.402059765331993
2.959857719628907
-6.028711320584624
8.022234026807979
0.8340699878852795
-12.448005062943556
-2.4530959695181904
-6.746279792704607
7.670004403245415
4.114860425849532
10.321365565218525
-5.543290101792858
-12.95214841729156
6.7044507664026485
5.573744652048636
-4.802556732871265
-4.085452781987176
-9.277029552075245
6.471565427312276
5.499522393085083
10.244738579965292
8.663376053752375
7.302842786197733
5.772888037972159
-0.12321602520814579
4.707713706047388
-12.876967318136105
-13.188986654996796
-1.3890490105943998
9.046287394291841
2.2436726341724613
1.3879883782985518
-11.48001025731035
11.10942023404172
3.119782746551679
18.09983645182205
-14.452519527988649
4.832524656689776
-10.144170504527345
-13.48517379692542
-4.805837235955707
2.8899561663032305
6.837043353000404
6.154365984702072
-1.82543641258938
-1.202257447458824
-7.005131260105783
-1.2123220032431654
1.7954949107481708
6.5341151635307
2.4546841396874823
-8.630502504311124
-11.617176062956569
-6.847932360016637
6.126690455581424
7.924583222777258
-8.926321711724153
-6.880481685231349
-10.697966562083085
-3.2871210922420877
-10.206231074889313
-2.983906291711101
7.110842777248975
-2.4061354293605826
-12.098633195832141
2.4289037848274733
-14.220491663245722
-14.898136473459125
-8.364810877892474
-1.426399400286408
-5.1816575389516695
0.44969103395574206
1.2493931937916267
9.466297303534258
7.576615158971803
-7.77747484987206
-3.21413418612715
5.37355976469974
8.341894753371616
0.1492106002776365
-8.898987034699456
-10.32092303068967
1.2964130411290844
-6.8490538369629705
-20.043342126400592
-4.5787462038071824
-5.836915032198621
0.2092012658700704
-4.528472309206975
-1.5177959744726972
-3.823460882882477
0.7624152656163585
1.1385096052561314
3.5168884724294394
-5.878569186424661
9.693878419907982
10.078757459734872
-3.8240483252817605
11.531310606910685
-13.763829698672764
-11.860472723795198
12.502366213921258
-11.601703250248594
1.188258607695012
-1.3894013013117994
-0.699014451886682
-0.7067204711433153
4.569514109548734
1.3651154510094268
-9.242710881444873
6.303708436836946
8.43302241789408
6.259540003673292
0.14306616768810196
-9.84424524379879
-2.485324569360738
-0.06863909521738987
0.5664371717565027
-1.1108793798218621
-3.833814787756764
7.436018979451986
7.1388113136201365
7.807945770606755
-5.692262038872338
-8.837835860536787
0.14314636558813965
-2.5127884805389273
-7.085284801095732
5.131847996170159
-11.411045705686064
0.5683166012234905
14.068371625553231
-7.995110434874037
-0.306753397750398
-4.4674818119302735
-6.688961767559745
-8.771204733307961
-4.306423505816208
-0.40721571219842384
-1.1639291661399123
-5.821329568521263
-8.090328342528757
-0.6226567302638617
5.23396904845042
7.967533113551308
-2.4769652820508736
7.707280400144957
-14.808491419269359
6.310437163598687
7.002031386303216
2.389384808274906
6.358575385567464
11.819611490610589
2.825243949028331
5.250742325653798
9.00699003853048
-3.4684679743782527
7.214054137668754
4.047222523592626
0.5508344045441715
2.478820081345292
-6.453387430101912
4.531859389304902
4.695539139116551
-8.796859377303752
3.702049382059636
5.226358277928771
-17.05520526227582
-4.764107659095633
11.957189268640997
13.892425715884123
-4.005358259885218
-13.40695125335109
-1.3246309958151354
-9.268706329398029
-3.570494302528059
-4.824057708922429
-4.312335637575054
-5.7474671996525055
-2.902682492775619
5.64891102833007
0.3481295072107451
-3.629147176208433
6.577233402479373
11.356215115827082
0.2886693964607789
14.024606916478692
9.651825706535547
13.357842274427249
-12.793115884335442
2.625044694170759
-2.7870735022411024
-8.350241877629774
3.1373983632297873
-11.85701662813535
-0.010671942561080505
1.4111176737857853
0.3303415380569573
3.199985035254057
-4.212487204333581
-10.200620005342461
2.1370274478703535
9.976956263141549
-3.556007476999398
-8.185392372752604
3.140408204204598
-7.5702506169341355
-1.2674243760652533
8.032166079587096
-2.891322330929469
2.2556817387051424
1.812640946522503
-1.1916701367482034
-2.602035760250865
11.436051210399174
8.308254763643465
4.921439672256716
-7.288539595422182
0.9666638594706711
7.568716528244877
-8.582412466512507
-2.7501775281883907
6.418138088249309
6.571524892096689
-0.8152941314481008
1.6534997023241076
5.089790180660656
2.336749414748402
-0.17800547667807987
9.595122972274629
1.439422515834901
5.616618465604104
-10.468636856495722
6.775158837280551
-3.789327333833055
-9.94996647604407
-3.840025826557229
4.130283024210684
-3.828915873091401
3.915813832679901
-6.5379341733106635
8.584043281727233
-5.2505012887920515
-6.562237510296256
-7.191246914885937
3.134444909067109
-14.039426500215162
-12.674070908408018
6.1614355478618315
-10.034784900152975
2.901111881671913
13.30895371705633
0.5825121594103964
-3.7310172425052937
1.1446101116961958
6.191701241954691
7.506151050293567
-11.493870937468914
6.449513848814043
3.0990903266431116
-9.42366121561031
-8.578362829521325
13.304927893675542
-13.631104813288374
7.213725494742937
16.017654621618462
-13.172028801749061
-4.017381575142194
16.782815772425135
5.5890796840627734
-8.52061519374918
-5.201099321288274
-1.861008813167763
-0.06352108404307988
8.267997946707586
3.1434854325935677
6.51234146474488
4.542952777081141
-10.951852230070243
-1.9908227593915229
-2.6164252332728863
-8.67660262135135
0.9116898158514934
-6.297714240291078
3.115958590870137
6.846271834942707
-3.4702719415703296
12.630810471350747
-4.464942586195932
1.6638960843767312
8.06047063875204
4.157344443213769
6.2874370821022065
-6.468068645630092
5.68591793102539
-22.830066895302398
9.573852698927526
-3.5309497476910794
12.858350067485873
8.242714620226563
11.94801440424304
2.0054933748406136
-4.322653071676469
-12.99947441793697
-4.958424991237706
-8.14555536801503
-10.813910174630074
-1.9819440078917347
-2.042981102761431
1.208336989807778
-9.09711853634239
-0.15084192785363637
-0.5953740396422669
4.382293966174521
-6.020705092971006
10.429085784010507
-13.65298442370143
-0.48075652127350144
-1.7602343083088405
-0.4336066043397664
-3.2649540748306065
15.21284843299263
-3.206934027825917
-3.7089579232790637
-3.2957897717872306
-8.989832868933838
4.646858844623147
-11.416553879385166
10.771354672684467
3.0665053439325995
-8.624117944491053
9.880417948584688
1.7862238610247445
-0.5745109873997911
-2.43288789516222
-1.776212202269459
2.8523208068968025
-0.09798612058998285
-10.361165186026772
-6.637083453149768
0.4196792503451592
13.488507908799512
-6.5595573555302025
9.543025476427346
0.8868675267889541
1.4823356963361582
2.407941438412659
4.83284640303709
5.962812607944191
1.076958624133623
-1.8799880157421234
-4.864478290020143
10.51489023584194
6.391951550412213
-9.359808598206342
-0.10843350042427935
-8.352195133982903
-0.7564323685643758
-6.412208323418826
7.290148368535915
-8.218817046775301
0.4978568180660975
1.0118439555008203
3.0612053135324313
-12.63859066201947
-1.5236376136123215
0.13975773963770366
3.4758312450375426
-0.8105418777438076
-0.5253373091390408
-5.408555266372605
-1.2577892075448376
-15.758371904390266
11.917489626582181
-5.609337377188568
9.232333705903566
-8.105459704035681
-5.8184353473737405
5.908470947568619
-10.288141693292484
-11.795810783275282
-9.799309149546334
7.913041275817208
-5.406013187051797
-2.1358764253814724
-8.34875642827275
-1.4050870114886258
-1.6746514049253138
-7.477167338237194
7.518090137036207
4.435312867403842
-6.653406510680577
-1.591954836861812
3.7515267497209552
-0.49644348798677673
5.872974646557746
6.883470681921713
3.97816806278127
-0.9862482521358452
0.621536178145685
-4.363946614190429
8.09396463853659
4.284811931730856
-9.153813069697417
-14.546024038614718
11.523864794404194
